50
0 58 33 33 26 35 13 61 94 49 57 38 23 30 78 86 10 65 47 83 37 84 27 30 80 25 66 49 98 52 28 66 43 21 10 57 66 43 64 54 55 91 33 51 73 83 72 89 30 59
87 0 99 62 97 99 28 45 11 11 60 36 33 82 80 87 11 14 35 46 83 99 46 43 32 28 25 63 24 21 90 75 55 15 82 57 15 53 20 41 54 28 85 21 79 56 42 47 36 87
16 48 0 62 18 17 33 56 56 92 86 40 24 98 66 19 13 85 89 88 26 76 22 22 29 66 52 47 71 28 54 31 16 99 93 89 68 31 94 29 80 60 90 44 31 43 90 78 37 18
39 60 83 0 17 24 70 13 17 42 50 16 38 72 37 90 76 59 42 48 76 90 26 34 82 13 99 55 10 42 31 39 87 26 88 54 70 90 44 18 23 16 69 52 89 19 54 96 86 17
12 33 35 15 0 76 26 88 97 68 60 39 33 29 74 31 39 99 52 83 75 42 78 15 24 49 27 48 17 14 45 71 86 86 71 60 89 86 50 41 49 98 92 83 80 77 74 63 58 69
17 82 53 24 94 0 17 93 24 43 40 25 58 85 53 90 33 77 30 31 15 15 34 78 17 72 13 57 46 10 50 17 40 50 85 12 59 95 34 33 63 31 22 41 14 18 76 82 89 73
82 84 53 77 11 57 0 93 77 89 66 78 12 44 45 74 74 99 69 63 66 79 75 67 65 87 66 50 97 79 73 28 60 44 51 98 90 35 26 31 85 86 32 81 16 16 64 35 22 50
24 99 24 21 67 98 98 0 34 85 70 82 28 59 50 40 12 91 48 93 92 20 82 87 52 47 90 36 82 95 40 66 60 44 66 48 14 55 12 27 17 63 21 74 41 37 35 31 65 51
63 63 69 39 65 11 91 57 0 95 10 11 72 97 96 58 95 94 25 41 64 70 42 79 42 56 23 36 46 82 20 40 51 52 19 26 28 41 69 23 47 33 58 29 16 70 80 58 72 77
57 26 16 83 13 52 15 69 22 0 63 57 22 61 58 43 97 98 55 85 31 97 42 51 52 21 39 31 33 56 76 84 88 42 15 12 46 15 81 98 75 63 85 15 28 58 37 64 84 77
28 80 24 95 49 55 66 87 57 49 0 89 90 54 30 70 80 19 26 95 66 67 73 11 94 82 19 17 52 37 15 31 58 88 34 14 89 45 50 64 83 75 61 21 10 10 90 60 85 62
48 49 52 38 90 95 70 39 36 61 73 0 78 32 98 71 69 32 38 21 98 49 51 49 59 59 27 21 55 27 91 86 81 41 37 70 63 98 51 33 80 46 59 62 65 96 89 29 17 64
54 91 70 23 11 16 63 46 70 85 94 72 0 86 44 26 25 79 71 30 93 72 27 12 84 59 83 10 96 55 77 49 24 73 15 92 61 21 71 55 54 77 97 97 99 92 76 87 18 73
54 52 83 23 87 91 59 89 60 10 76 75 54 0 70 44 92 72 45 71 36 63 45 78 32 96 35 81 61 71 30 26 25 90 80 62 27 83 23 50 66 44 56 24 47 37 98 36 87 43
27 45 26 89 34 67 74 84 62 31 86 40 35 62 0 57 32 44 69 28 23 26 52 17 32 18 69 69 69 41 28 35 76 55 83 77 88 51 31 10 63 21 79 51 27 23 76 48 42 94
88 78 53 45 74 43 68 67 87 94 95 16 86 28 37 0 72 62 66 45 46 62 87 34 76 38 17 45 89 57 23 50 75 11 14 59 59 37 97 17 59 22 83 14 59 34 52 30 77 86
25 54 95 45 19 89 22 48 89 99 77 79 38 15 89 15 0 51 15 35 83 96 55 51 98 69 89 54 57 29 31 69 74 99 97 92 31 47 13 87 32 79 99 55 93 19 44 16 31 85
87 22 64 45 62 92 36 18 76 21 12 86 44 23 14 51 49 0 67 83 69 42 38 95 87 61 76 66 25 60 25 48 48 65 51 79 45 48 61 19 11 79 66 10 81 77 16 68 40 77
49 20 76 93 21 38 56 17 20 46 11 95 25 29 67 87 55 93 0 31 24 89 53 76 11 70 22 50 89 13 45 94 18 59 95 52 80 84 33 86 89 44 18 75 17 62 74 68 55 90
52 74 48 20 73 59 52 23 83 82 26 89 56 48 41 43 16 41 35 0 58 88 13 65 34 47 80 41 44 90 46 70 41 40 85 10 57 64 65 81 64 64 18 95 42 74 37 10 99 22
64 59 97 80 19 15 94 98 41 17 77 39 76 54 56 35 18 60 18 87 0 32 75 39 20 81 32 53 36 89 39 74 71 86 29 93 54 92 33 36 55 66 57 55 17 80 46 73 97 80
60 13 12 77 22 21 86 49 19 23 96 54 32 28 24 91 64 80 10 36 88 0 50 92 85 57 67 62 83 58 57 49 26 92 99 53 90 45 77 70 26 31 18 86 15 73 87 11 38 64
72 32 40 46 22 56 22 63 53 66 41 57 71 19 15 41 41 65 28 11 33 31 0 40 81 87 40 23 86 74 56 91 44 98 50 56 91 41 18 35 39 75 86 97 67 81 26 99 24 30
60 90 49 48 80 48 90 76 55 79 64 21 26 34 56 49 30 71 82 69 29 53 96 0 71 85 20 35 88 39 85 27 14 40 80 47 84 25 44 38 96 51 56 31 32 19 34 56 49 58
60 65 68 98 99 35 93 57 53 37 78 45 28 23 46 72 44 13 95 56 15 56 99 39 0 98 69 53 63 67 58 32 40 18 18 94 23 35 47 96 63 23 54 62 44 64 20 20 33 92
68 66 22 81 67 34 46 84 82 80 93 52 62 57 58 66 78 71 15 36 59 31 82 74 27 0 73 81 86 86 78 30 77 63 62 15 54 54 96 51 53 14 89 26 35 40 65 68 50 35
34 68 97 59 89 11 45 42 97 72 72 58 69 22 87 55 62 59 24 63 75 38 98 87 52 18 0 26 50 93 92 50 27 99 35 81 32 52 46 59 42 27 99 16 38 89 91 19 96 17
81 87 46 70 84 94 27 41 28 47 33 84 83 24 41 96 16 44 60 84 52 26 73 17 49 73 31 0 28 23 26 11 90 79 15 34 93 66 85 94 97 72 29 57 68 95 69 31 19 51
74 77 80 50 56 65 44 63 44 80 41 38 98 72 48 77 55 30 94 94 88 73 97 11 72 34 48 83 0 91 67 44 80 94 84 54 26 55 24 88 37 17 81 37 24 23 46 25 17 39
99 29 27 48 87 96 11 11 12 23 89 19 23 30 87 96 43 70 40 37 70 17 79 60 82 76 87 79 44 0 42 79 46 28 65 39 63 29 19 62 49 23 84 67 70 88 29 79 35 79
25 91 88 43 34 90 70 67 37 53 70 85 10 38 35 65 84 41 99 93 91 98 26 54 72 19 78 31 95 78 0 72 17 92 67 61 50 87 16 87 60 67 91 83 28 96 14 43 66 70
85 68 27 66 50 39 86 93 97 38 42 43 64 21 42 32 43 65 66 97 46 96 81 91 44 61 69 61 18 62 48 0 38 84 11 75 89 98 48 10 93 98 58 48 52 63 19 57 96 54
58 96 39 66 63 48 37 21 42 48 30 61 79 41 27 30 64 52 16 17 95 74 70 78 54 36 11 45 64 35 42 94 0 90 97 40 81 93 41 84 68 83 56 96 11 55 14 62 91 83
53 47 14 74 92 19 94 12 95 83 20 43 21 47 66 69 94 40 99 10 22 59 67 32 67 28 53 13 34 52 70 38 45 0 73 47 72 55 29 87 78 91 28 82 71 79 72 88 96 34
15 50 18 44 54 33 21 88 94 84 64 56 93 33 84 60 22 24 16 60 90 48 23 55 90 90 19 14 76 10 74 64 89 30 0 59 74 22 33 95 52 76 99 29 62 71 92 15 15 63
48 89 26 99 70 95 45 20 91 46 83 71 83 65 32 63 50 64 81 39 51 80 99 52 11 15 29 41 81 89 72 67 47 87 79 0 15 69 29 22 47 87 38 75 32 58 21 50 59 40
42 12 17 34 80 89 97 28 79 11 70 98 98 21 96 74 62 75 72 16 15 29 57 87 52 47 46 89 91 61 58 54 50 57 26 39 0 98 64 30 11 64 51 63 36 49 24 90 94 44
34 26 99 67 61 71 77 88 87 78 79 45 11 42 31 92 77 71 90 46 26 47 29 94 58 29 88 54 12 19 47 40 46 86 84 87 32 0 74 91 35 81 57 77 68 17 50 24 22 80
50 53 32 91 57 51 23 36 89 96 71 96 31 91 55 21 39 41 38 19 95 89 70 17 53 22 49 11 35 61 73 41 10 55 79 70 79 71 0 74 94 87 16 73 92 26 48 65 56 18
27 30 16 62 82 18 60 25 78 46 10 64 37 80 94 17 27 37 86 22 66 96 78 62 60 23 35 79 75 88 45 45 63 89 53 75 29 27 85 0 84 89 35 66 47 40 36 21 60 85
59 90 79 87 70 72 50 74 54 81 45 70 85 45 45 41 26 31 60 55 53 89 46 76 45 78 87 19 95 64 28 82 44 90 97 67 94 62 97 30 0 28 95 34 24 98 60 62 10 91
87 74 71 73 86 59 76 53 16 18 21 10 64 54 99 33 85 85 55 69 70 37 61 87 35 29 75 41 99 83 90 52 86 37 33 16 89 47 64 22 58 0 59 68 48 34 88 43 99 60
51 96 63 44 84 54 55 64 30 18 57 26 88 46 11 51 11 33 78 77 20 88 87 55 78 10 25 49 68 84 27 26 89 93 57 96 78 85 62 93 29 10 0 35 57 49 81 71 26 38
99 40 34 27 14 10 10 90 26 11 12 29 45 39 47 72 78 52 74 76 41 67 66 17 50 30 28 67 62 48 17 16 28 56 75 86 83 90 11 53 91 51 73 0 30 48 63 14 84 62
55 94 98 48 72 84 14 92 80 26 78 31 45 38 94 63 11 81 62 34 40 31 48 31 79 22 65 52 22 45 19 78 25 36 86 31 75 39 25 58 93 83 46 46 0 13 38 53 14 49
49 19 81 10 72 74 57 94 72 21 43 40 13 48 37 99 53 12 68 95 27 70 40 26 66 75 56 61 73 32 11 17 41 54 91 11 35 63 29 51 64 15 92 91 18 0 33 51 60 21
85 76 72 35 61 23 92 78 55 48 72 48 64 47 68 27 31 98 29 37 50 39 95 12 33 73 97 11 80 38 49 52 28 48 12 20 18 17 73 87 92 41 20 33 52 27 0 50 99 70
41 87 85 63 93 20 24 50 92 95 17 38 46 62 91 40 49 53 16 29 81 70 79 26 97 72 91 48 22 13 85 44 88 18 72 75 30 60 66 25 96 83 60 94 13 28 20 0 61 94
86 47 98 82 79 42 73 26 72 82 39 21 87 63 78 47 15 59 51 93 20 68 60 84 14 12 24 30 59 29 77 17 59 22 88 45 65 64 71 92 57 78 49 33 73 80 96 68 0 25
32 97 55 85 51 88 33 65 54 49 66 94 33 72 58 71 52 94 93 91 85 63 64 15 87 16 77 37 93 56 32 38 54 62 38 42 38 79 23 71 97 58 81 88 19 42 10 76 95 0
