500 500
16
4
100 60
60 100
100 140
140 100
4
200 60
160 100
200 140
240 100
4
300 60
260 100
300 140
340 100
4
400 60
360 100
400 140
440 100
4
100 160
60 200
100 240
140 200
4
200 160
160 200
200 240
240 200
4
300 160
260 200
300 240
340 200
4
400 160
360 200
400 240
440 200
4
100 260
60 300
100 340
140 300
4
200 260
160 300
200 340
240 300
4
300 260
260 300
300 340
340 300
4
400 260
360 300
400 340
440 300
4
100 360
60 400
100 440
140 400
4
200 360
160 400
200 440
240 400
4
300 360
260 400
300 440
340 400
4
400 360
360 400
400 440
440 400