500 500
21
4
70 70
70 80
150 80
150 70
4
220 70
220 80
300 80
300 70
4
360 70
360 80
500 80
500 70
4
0 130
0 140
150 140
150 130
4
220 130
220 140
300 140
300 130
4
360 130
360 140
430 140
430 130
4
70 190
70 200
150 200
150 190
4
220 190
220 200
300 200
300 190
4
360 190
360 200
500 200
500 190
4
0 250
0 260
150 260
150 250
4
220 250
220 260
300 260
300 250
4
360 250
360 260
430 260
430 250
4
70 310
70 320
150 320
150 310
4
220 310
220 320
300 320
300 310
4
360 310
360 320
500 320
500 310
4
0 370
0 380
150 380
150 370
4
220 370
220 380
300 380
300 370
4
360 370
360 380
430 380
430 370
4
70 430
70 440
150 440
150 430
4
220 430
220 440
300 440
300 430
4
360 430
360 440
500 440
500 430