500 500
18
4
0 50
0 60
20 60
20 50
10
110 0
110 50
90 50
90 60
110 60
110 70
120 70
120 60
140 60
140 0
40
280 0
280 20
250 20
250 30
200 30
200 70
250 70
250 110
280 110
280 120
250 120
250 130
280 130
280 150
250 150
250 160
240 160
240 190
200 190
200 180
150 180
150 190
140 190
140 160
130 150
130 110
150 110
150 120
200 120
200 110
220 110
220 100
110 100
110 90
100 90
100 190
120 190
120 200
285 200
285 0
4
320 70
320 180
380 180
380 70
4
420 70
420 180
480 180
480 70
4
0 220
0 280
70 280
70 220
4
180 220
180 240
210 240
210 220
4
180 260
180 280
210 280
210 260
4
220 220
220 280
230 280
230 220
8
240 230
240 270
250 270
250 260
260 260
260 240
250 240
250 230
12
220 300
220 310
280 310
280 350
290 350
290 310
350 310
350 330
360 330
360 310
410 310
410 300
16
122 354
142 354
142 371
187 371
187 400
265 400
265 390
375 390
375 410
288 410
288 462
270 462
270 447
234 447
234 419
122 419
6
0 373
0 460
40 460
40 400
20 400
20 373
10
80 500
80 470
150 470
150 460
70 460
70 450
170 450
170 470
200 470
200 500
4
400 500
400 400
500 400
500 500
6
500 350
450 350
450 260
480 260
480 240
500 240
12
213 372
223 372
223 362
233 362
233 352
223 352
223 342
213 342
213 352
203 352
203 362
213 362
12
350 260
370 260
370 240
390 240
390 220
370 220
370 200
350 200
350 220
330 220
330 240
350 240